1 6.50664e-05 -0.000155319 -0.0040273 -6.50731e-05 1 -4.31134e-05 -0.00340864 0.000155316 4.31235e-05 1 0.000156805
0.999993 -0.00378795 -0.000693869 0.343902 0.00378831 0.999993 0.000514403 -0.0102702 0.000691915 -0.000517028 1 0.0104751
0.999169 -0.0407209 -0.00147244 0.863536 0.0407205 0.999171 -0.00025545 0.024109 0.00148162 0.00019528 0.999999 0.00640808
0.999616 0.0275608 -0.00295601 1.36265 -0.0275693 0.999616 -0.00287565 -0.00525156 0.00287562 0.00295604 0.999991 0.0321872
0.995576 0.0910542 0.0231832 1.85785 -0.0911534 0.995832 0.00325468 -0.0413508 -0.0227902 -0.00535351 0.999726 -0.0090646
0.99558 0.0918158 0.019744 2.39664 -0.0919176 0.995757 0.00430759 -0.0992172 -0.0192648 -0.00610338 0.999796 -0.0292069
0.996037 0.0871394 0.0177941 2.94206 -0.0872433 0.996174 0.00514959 -0.135542 -0.0172773 -0.0066816 0.999828 -0.0145058
0.997145 0.0707992 0.0262608 3.54203 -0.0708535 0.997486 0.00114039 -0.184284 -0.0261141 -0.0029978 0.999654 -0.0549345
0.996956 0.0664747 0.0407309 4.07929 -0.0664252 0.997788 -0.00256837 -0.236586 -0.0408116 -0.000145004 0.999167 -0.064925
0.997329 0.0636437 0.0358494 4.63538 -0.0637814 0.99796 0.00270866 -0.260632 -0.0356039 -0.00498795 0.999354 -0.0678525
0.99722 0.062631 0.0403615 5.21207 -0.0626914 0.998033 0.000232964 -0.295825 -0.0402675 -0.00276264 0.999185 -0.0995583
0.997353 0.0587285 0.0428746 5.75494 -0.0587423 0.998273 -0.000940109 -0.312105 -0.0428558 -0.00158093 0.99908 -0.118681
0.997444 0.0610459 0.03713 6.32949 -0.0611043 0.998131 0.000438336 -0.3594 -0.0370338 -0.00270602 0.99931 -0.140145
0.997671 0.0583041 0.0354036 6.88522 -0.058337 0.998297 -0.00010494 -0.394383 -0.0353494 -0.00196064 0.999373 -0.153527
0.997817 0.0581233 0.0313417 7.45618 -0.0581533 0.998308 4.54936e-05 -0.425234 -0.031286 -0.00186802 0.999509 -0.175599
0.997912 0.0565909 0.0311368 8.01592 -0.0565894 0.998397 -0.000930719 -0.458768 -0.0311396 -0.000833237 0.999515 -0.210109
0.998 0.0541897 0.0325526 8.58887 -0.054253 0.998527 0.00106412 -0.48567 -0.0324469 -0.00282806 0.999469 -0.216135
0.998379 0.0521637 0.0227663 9.13934 -0.0521623 0.998638 -0.000655313 -0.519426 -0.0227695 -0.000533291 0.999741 -0.23288
0.997752 0.0498444 0.0447872 9.71767 -0.0499738 0.998749 0.00177322 -0.557744 -0.0446427 -0.00400742 0.998995 -0.257414
0.997197 0.0498267 0.0558087 10.2746 -0.0498916 0.998755 -0.000231374 -0.56956 -0.0557507 -0.00255366 0.998441 -0.278952
0.998192 0.0463276 0.0383077 10.8274 -0.0464308 0.99892 0.00180708 -0.604629 -0.0381826 -0.00358247 0.999264 -0.298961
0.998431 0.0455074 0.032622 11.3971 -0.0455448 0.998962 0.000403318 -0.632177 -0.0325698 -0.00188845 0.999468 -0.305996
0.998458 0.0442916 0.0334541 11.9597 -0.0443245 0.999017 0.000243742 -0.65602 -0.0334105 -0.00172621 0.99944 -0.340736
0.998612 0.0416745 0.0322222 12.5219 -0.0416392 0.999131 -0.00176376 -0.694951 -0.0322677 0.000419605 0.999479 -0.351449
0.998404 0.0419212 0.0378456 13.0855 -0.0416646 0.999103 -0.00754404 -0.716023 -0.0381279 0.00595518 0.999255 -0.370419
0.998646 0.0388129 0.0346357 13.6455 -0.0386807 0.999242 -0.0044785 -0.730774 -0.0347832 0.0031327 0.99939 -0.387429
0.998196 0.0371402 0.0471765 14.2102 -0.0370216 0.999309 -0.00338521 -0.759978 -0.0472696 0.00163255 0.998881 -0.409411
0.998682 0.0365598 0.0360218 14.7682 -0.0364045 0.999325 -0.0049597 -0.77563 -0.0361788 0.00364181 0.999339 -0.427838
0.998407 0.0393468 0.040432 15.3397 -0.0391679 0.999219 -0.005209 -0.803928 -0.0406054 0.00361707 0.999169 -0.440504
0.998927 0.0365481 0.0284603 15.8941 -0.036327 0.999306 -0.0082466 -0.819236 -0.028742 0.00720387 0.999561 -0.465098
0.998599 0.0355937 0.0391678 16.4597 -0.0353898 0.999356 -0.00588772 -0.8383 -0.0393522 0.00449333 0.999215 -0.487552
0.999013 0.0340364 0.0285309 17.0205 -0.0337973 0.99939 -0.00882394 -0.869655 -0.0288138 0.00785097 0.999554 -0.50571
0.999237 0.0308683 0.0239299 17.5777 -0.0306689 0.999492 -0.00865505 -0.881472 -0.0241849 0.00791454 0.999676 -0.521835
0.999162 0.02978 0.0280817 18.1376 -0.0296087 0.99954 -0.00649848 -0.902909 -0.0282623 0.00566158 0.999585 -0.525411
0.99923 0.0281151 0.0273702 18.6968 -0.0278971 0.999576 -0.0083123 -0.914423 -0.0275923 0.00754235 0.999591 -0.534509
0.999131 0.0255389 0.0329427 19.2715 -0.0253239 0.999655 -0.00693024 -0.930142 -0.0331083 0.00608998 0.999433 -0.567127
0.999121 0.0233785 0.0348054 19.8353 -0.0232273 0.999719 -0.00474072 -0.942512 -0.0349064 0.00392812 0.999383 -0.583159
0.999493 0.0222498 0.022774 20.3908 -0.0222987 0.99975 0.00189523 -0.942338 -0.0227261 -0.0024021 0.999739 -0.590822
0.99974 0.0226214 -0.00294637 20.9498 -0.0226014 0.999722 0.00664141 -0.960324 0.00309579 -0.00657309 0.999974 -0.590571
0.999812 0.0191768 0.00279915 21.5108 -0.0191942 0.999796 0.00634812 -0.977694 -0.00267685 -0.00640066 0.999976 -0.584066
0.999828 0.01828 -0.00306299 22.0692 -0.0182534 0.999797 0.00851948 -0.982544 0.0032181 -0.0084621 0.999959 -0.586518
0.999855 0.0163654 -0.00477234 22.6262 -0.0163392 0.999851 0.00548398 -1.00332 0.00486137 -0.0054052 0.999974 -0.582592
0.99988 0.0144941 -0.00549616 23.1931 -0.0144717 0.999887 0.00409591 -1.01377 0.00555491 -0.00401588 0.999977 -0.579682
0.999802 0.0130614 -0.0149968 23.7545 -0.0130274 0.999912 0.00235785 -1.00704 0.0150263 -0.00216201 0.999885 -0.561886
0.999903 0.0116658 -0.00764144 24.3106 -0.0116445 0.999928 0.00282637 -1.03482 0.00767386 -0.00273711 0.999967 -0.563669
0.999933 0.0103627 -0.00511429 24.879 -0.0103512 0.999944 0.00226706 -1.03777 0.00513749 -0.00221397 0.999984 -0.554894
0.999963 0.00684671 -0.00525156 25.4433 -0.00684755 0.999977 -0.000141834 -1.05454 0.00525046 0.000177789 0.999986 -0.552439
0.999974 0.00554055 -0.00459918 26.0047 -0.0055356 0.999984 0.00108992 -1.04127 0.00460515 -0.00106444 0.999989 -0.550869
0.999941 0.00302653 -0.0104329 26.5656 -0.00303947 0.999995 -0.00122386 -1.05855 0.0104292 0.0012555 0.999945 -0.533893
0.999531 0.028819 -0.0103315 27.1116 -0.0287966 0.999583 0.00230847 -1.06085 0.0103937 -0.00200987 0.999944 -0.533005
0.998901 0.0434815 -0.0174907 27.6576 -0.0434194 0.999049 0.00391802 -1.10541 0.0176444 -0.00315428 0.999839 -0.518688
0.996866 0.0789876 -0.00432289 28.2097 -0.0789833 0.996875 0.00117344 -1.16066 0.00440207 -0.000828326 0.99999 -0.52031
0.990575 0.130276 -0.0423009 28.7153 -0.130293 0.991473 0.00236471 -1.22646 0.0422482 0.00316911 0.999102 -0.495456
0.990851 0.132813 -0.0239926 29.2731 -0.132972 0.991107 -0.00511838 -1.31192 0.0230994 0.00826189 0.999699 -0.488432
0.989947 0.139747 -0.0218272 29.7783 -0.139896 0.990151 -0.00543244 -1.39511 0.0208531 0.00843135 0.999747 -0.468742
0.996786 0.0780184 -0.0181792 30.2895 -0.0781367 0.996925 -0.00589036 -1.41553 0.0176638 0.0072919 0.999817 -0.456865
0.996939 0.0769641 -0.0137752 30.8126 -0.0769854 0.997032 -0.00102028 -1.46827 0.0136558 0.00207765 0.999905 -0.452337
0.997035 0.074199 -0.0203848 31.3361 -0.0742488 0.997238 -0.00169256 -1.49998 0.020203 0.00320109 0.999791 -0.441394
0.99917 0.0357789 -0.0194931 31.8561 -0.0357645 0.99936 0.00108585 -1.50946 0.0195195 -0.000387787 0.999809 -0.427238
0.999235 0.0307578 -0.0241573 32.3747 -0.0307976 0.999525 -0.00127853 -1.52879 0.0241065 0.00202154 0.999707 -0.417167
0.989912 0.141444 -0.0081934 32.6476 -0.141415 0.989942 0.00397099 -1.57912 0.00867266 -0.00277226 0.999959 -0.41613
0.949437 0.313922 -0.00480545 32.6483 -0.313905 0.949446 0.00394637 -1.68669 0.00580137 -0.00223837 0.999981 -0.420398
0.8547 0.519074 -0.0070028 32.6114 -0.51908 0.854725 0.00109024 -1.82161 0.00655138 0.00270318 0.999975 -0.422583
0.924883 0.379979 -0.0144325 32.6403 -0.379999 0.924986 0.00141192 -1.73938 0.0138864 0.00417847 0.999895 -0.412816
0.979091 0.203243 -0.00854312 32.6508 -0.203205 0.979123 0.00512544 -1.62483 0.00940647 -0.00328226 0.99995 -0.41969
0.99961 0.0258956 -0.0104572 32.6709 -0.0258711 0.999662 0.0024666 -1.53159 0.0105176 -0.0021951 0.999942 -0.420528
0.988565 -0.150709 -0.00511201 32.6744 0.150701 0.988578 -0.0018841 -1.44975 0.00533757 0.00109217 0.999985 -0.415608
0.945177 -0.326551 -0.00231789 32.6846 0.32654 0.945173 -0.00437406 -1.32796 0.00361916 0.00337738 0.999988 -0.416471
0.896432 -0.443174 0.00271857 32.6745 0.443181 0.896404 -0.00710488 -1.25193 0.00071176 0.00757386 0.999971 -0.4088
0.942375 -0.334537 -0.00371369 32.6966 0.334522 0.942379 -0.00413203 -1.2932 0.00488202 0.00265161 0.999985 -0.421597
0.982694 -0.185229 0.00142696 32.7129 0.185234 0.98267 -0.00688394 -1.38586 -0.000127129 0.00702913 0.999975 -0.424789
0.999845 -0.0176116 0.000292952 32.71 0.0176121 0.999844 -0.00155005 -1.46755 -0.000265607 0.00155496 0.999999 -0.413898
0.998633 0.0522506 -0.00107414 32.7361 -0.0522482 0.998632 0.00210766 -1.51396 0.00118279 -0.00204866 0.999997 -0.419408
0.997804 0.0506714 0.0426539 33.2498 -0.0505658 0.998714 -0.00355027 -1.54785 -0.042779 0.00138564 0.999084 -0.444114
0.997611 0.0509167 0.0466955 33.7766 -0.0509033 0.998702 -0.00147683 -1.57691 -0.0467101 -0.000903656 0.998908 -0.470521
0.997746 0.0480435 0.0468567 34.2934 -0.0479383 0.998845 -0.00336748 -1.61167 -0.0469644 0.00111366 0.998896 -0.487655
0.998059 0.0484078 0.0391654 34.8247 -0.0483347 0.998827 -0.00281341 -1.62469 -0.0392557 0.0009149 0.999229 -0.498946
0.997713 0.0604324 0.0302805 35.3434 -0.0605203 0.998165 0.00199412 -1.65031 -0.0301044 -0.00382215 0.999539 -0.518226
0.997671 0.0602451 -0.0319977 35.8675 -0.0601226 0.99818 0.00477753 -1.6917 0.0322273 -0.00284261 0.999477 -0.485744
0.997656 0.0581551 -0.0360505 36.4276 -0.0581163 0.998308 0.00212398 -1.71922 0.036113 -2.38779e-05 0.999348 -0.461929
0.99791 0.0565961 -0.0311716 36.9845 -0.0565953 0.998397 0.000906617 -1.75141 0.0311729 0.000859442 0.999514 -0.435976
0.998089 0.054191 -0.0296808 37.5481 -0.0541794 0.99853 0.001196 -1.79667 0.029702 0.000414375 0.999559 -0.429702
0.9982 0.0519601 -0.0299327 38.1099 -0.0521586 0.998621 -0.00588819 -1.82247 0.0295855 0.00743884 0.999535 -0.413823
0.99851 0.0522289 -0.0158078 38.674 -0.0523882 0.998578 -0.00983505 -1.85486 0.0152716 0.0106485 0.999827 -0.39071
0.998607 0.0526707 0.00305229 39.2443 -0.0526297 0.998539 -0.0122292 -1.87766 -0.00369195 0.0120515 0.999921 -0.393945
0.998501 0.0510827 0.0196776 39.8133 -0.0509972 0.998687 -0.00482034 -1.91616 -0.019898 0.00380961 0.999795 -0.410006
0.988644 0.149557 0.0146646 40.3106 -0.149563 0.988752 -0.00068956 -1.99424 -0.0146028 -0.00151155 0.999892 -0.410241
0.950541 0.310519 0.00704576 40.7284 -0.31053 0.950563 0.000455825 -2.16191 -0.0065559 -0.0026212 0.999975 -0.409108
0.888747 0.458376 -0.00454817 41.1182 -0.458391 0.888746 -0.00282414 -2.40503 0.00274765 0.00459479 0.999986 -0.399111
0.850969 0.5223 -0.0552629 41.2656 -0.522583 0.852526 0.0103418 -2.53016 0.0525145 0.0200789 0.998418 -0.384155
0.787205 0.608421 -0.10066 41.4441 -0.606421 0.793378 0.0529569 -2.69707 0.112081 0.0193542 0.993511 -0.325154
0.737841 0.667012 -0.103373 41.6034 -0.670062 0.742274 0.00682922 -2.90777 0.0812865 0.0642277 0.994619 -0.352176
0.679946 0.728474 -0.0836579 41.7315 -0.731271 0.682075 -0.00419926 -3.07982 0.0540019 0.0640319 0.996486 -0.341759
0.550403 0.830622 -0.0844039 41.9092 -0.833194 0.552922 0.00802361 -3.44373 0.0533334 0.0659086 0.996399 -0.310161
0.429026 0.900238 -0.0742153 42.1091 -0.901959 0.431407 0.0189348 -3.92082 0.0490628 0.0588156 0.997062 -0.298591
0.275616 0.958441 -0.0736621 42.1962 -0.960393 0.277823 0.0214172 -4.43244 0.0409922 0.0648416 0.997053 -0.291053
0.118318 0.990489 -0.0702329 42.2104 -0.992388 0.120385 0.0259529 -4.81147 0.0341611 0.0666276 0.997193 -0.283477
-0.0531222 0.995862 -0.07374 42.1289 -0.99836 -0.0513883 0.0252164 -5.25977 0.0213227 0.0749586 0.996959 -0.245421
-0.0524156 0.996558 -0.0642175 42.1196 -0.998024 -0.0500441 0.0379992 -5.79362 0.0346547 0.0660823 0.997212 -0.256288
-0.0662976 0.996361 -0.0535753 42.0979 -0.996795 -0.0637265 0.048354 -6.32178 0.0447639 0.0566094 0.997392 -0.233707
-0.134015 0.98989 -0.0464503 42.0086 -0.990364 -0.132134 0.04146 -6.83306 0.0349032 0.051559 0.99806 -0.214921
-0.223983 0.97369 -0.0419372 41.8791 -0.974508 -0.223188 0.0228358 -7.38667 0.0128752 0.045983 0.998859 -0.206888
-0.26371 0.964059 -0.0323499 41.7284 -0.964587 -0.263743 0.00332711 -7.90735 -0.00532452 0.0320817 0.999471 -0.205104
-0.260056 0.964765 -0.0400027 41.5695 -0.965515 -0.260339 -0.00194194 -8.42649 -0.0122878 0.0381182 0.999198 -0.216745
-0.225262 0.973743 -0.0328849 41.4622 -0.974292 -0.225009 0.0112674 -8.95843 0.00357213 0.0345776 0.999396 -0.219253
-0.164817 0.985908 -0.02865 41.3712 -0.986194 -0.164255 0.0209957 -9.45758 0.0159939 0.0317149 0.999369 -0.22036
-0.109062 0.993667 -0.0270393 41.3384 -0.994033 -0.108971 0.00483704 -9.97028 0.00185991 0.0274055 0.999623 -0.225791
-0.105635 0.994006 -0.0281491 41.2891 -0.994389 -0.105432 0.0086088 -10.4177 0.00558938 0.0289005 0.999567 -0.217499
-0.104732 0.99411 -0.0278572 41.2306 -0.994451 -0.104408 0.0128559 -10.9661 0.00987163 0.0290491 0.999529 -0.21351
-0.103775 0.994138 -0.0303284 41.1676 -0.994574 -0.103499 0.0105427 -11.5414 0.00734192 0.0312579 0.999484 -0.2127
-0.125053 0.991699 -0.0299147 41.1005 -0.992132 -0.12481 0.00986372 -12.0881 0.00604817 0.0309128 0.999504 -0.205308
-0.124449 0.991944 -0.0236681 41.0136 -0.992222 -0.124483 4.42104e-05 -12.6419 -0.00290243 0.0234895 0.99972 -0.213537
-0.123487 0.992032 -0.0249603 40.9504 -0.992339 -0.12335 0.00696132 -13.1909 0.00382699 0.0256287 0.999664 -0.207934
-0.10384 0.99426 -0.0257627 40.8887 -0.994594 -0.103817 0.00223321 -13.7547 -0.000454208 0.0258553 0.999666 -0.212025
-0.0531545 0.998261 -0.0254714 40.8721 -0.998569 -0.0529868 0.00721295 -14.256 0.00585076 0.0258184 0.99965 -0.217014
-0.051411 0.998419 -0.022734 40.8614 -0.998581 -0.0510756 0.0150972 -14.788 0.0139121 0.0234779 0.999628 -0.195904
-0.0809307 0.996409 -0.0248915 40.8062 -0.996668 -0.080647 0.0122004 -15.3447 0.0101491 0.0257959 0.999616 -0.207116
-0.11424 0.993178 -0.0234004 40.7365 -0.993387 -0.113929 0.0141974 -15.8688 0.0114346 0.0248675 0.999625 -0.181527
-0.115907 0.992885 -0.0272982 40.6696 -0.993075 -0.11531 0.0225019 -16.4281 0.019194 0.0297173 0.999374 -0.188171
-0.11342 0.993166 -0.0275117 40.5983 -0.993543 -0.113452 0.000411982 -16.9976 -0.00271207 0.0273808 0.999621 -0.184733
-0.113705 0.993078 -0.0294522 40.5314 -0.993486 -0.113428 0.0109327 -17.5567 0.00751636 0.0305034 0.999506 -0.18622
-0.112996 0.992989 -0.0347024 40.4695 -0.993565 -0.112651 0.0117507 -18.1049 0.00775901 0.0358069 0.999329 -0.180374
-0.110829 0.993238 -0.0345636 40.4025 -0.99384 -0.110761 0.00387184 -18.6615 1.73615e-05 0.0347798 0.999395 -0.177846
-0.111293 0.993078 -0.0375536 40.3341 -0.993764 -0.110951 0.0110772 -19.2279 0.00683394 0.0385523 0.999233 -0.176982
-0.108265 0.993393 -0.0380586 40.2726 -0.994016 -0.107615 0.0187476 -19.7823 0.014528 0.0398605 0.9991 -0.169188
-0.108567 0.993528 -0.0333958 40.2112 -0.993987 -0.108014 0.0179438 -20.3343 0.0142205 0.0351431 0.999281 -0.170473
-0.107528 0.99349 -0.0376115 40.1487 -0.994052 -0.106777 0.0214298 -20.8917 0.0172743 0.0396921 0.999063 -0.161697
-0.103912 0.993609 -0.044095 40.0841 -0.994487 -0.103174 0.0187051 -21.4618 0.0140361 0.0457956 0.998852 -0.154842
-0.102296 0.993638 -0.0470981 40.0299 -0.994564 -0.101237 0.0243461 -22.0088 0.0194231 0.0493325 0.998594 -0.136072
-0.100657 0.993833 -0.0465094 39.9658 -0.994888 -0.10016 0.0129188 -22.5689 0.00818076 0.047572 0.998834 -0.148237
-0.0986709 0.993897 -0.0493182 39.9108 -0.994972 -0.0976784 0.0221503 -23.1291 0.0171978 0.0512558 0.998537 -0.130587
-0.129195 0.990134 -0.054249 39.8401 -0.991561 -0.1284 0.0179205 -23.6549 0.0107782 0.0561065 0.998367 -0.107215
-0.178611 0.982436 -0.0540234 39.7188 -0.983919 -0.178416 0.00845303 -24.1613 -0.00133407 0.0546644 0.998504 -0.148625
-0.177999 0.982685 -0.0514497 39.6367 -0.984022 -0.177537 0.0134362 -24.715 0.00406935 0.0530192 0.998585 -0.130322
-0.120504 0.991679 -0.0452848 39.5673 -0.99271 -0.120266 0.00794984 -25.3065 0.00243748 0.0459127 0.998942 -0.127191
-0.11519 0.992331 -0.0448404 39.4976 -0.99326 -0.114475 0.0181908 -25.8453 0.0129182 0.0466336 0.998829 -0.109328
-0.0499401 0.997824 -0.0430575 39.4982 -0.998714 -0.0495128 0.010935 -26.3664 0.00877931 0.0435482 0.999013 -0.130368
-0.0438675 0.998167 -0.041691 39.4682 -0.998912 -0.0431635 0.0176381 -26.9181 0.0158062 0.0424194 0.998975 -0.113528
-0.0417618 0.998401 -0.0380975 39.4427 -0.999083 -0.0413699 0.0110183 -27.4932 0.00942456 0.0385227 0.999213 -0.117192
-0.0328997 0.998707 -0.0387571 39.431 -0.999328 -0.0322446 0.0174104 -28.0507 0.0161382 0.0393039 0.999097 -0.109117
-0.0248647 0.998898 -0.0397964 39.4106 -0.999388 -0.0238583 0.0255678 -28.6028 0.0245901 0.0404078 0.998881 -0.0983662
-0.0177892 0.998922 -0.0428724 39.4 -0.999548 -0.0167275 0.0249953 -29.1645 0.0242512 0.0432977 0.998768 -0.0805487
-0.00654711 0.99885 -0.0475004 39.3968 -0.999146 -0.00847221 -0.0404406 -29.7592 -0.0407966 0.0471951 0.998052 -0.116182
0.00367027 0.999246 -0.0386495 39.3932 -0.999254 0.00217889 -0.0385589 -30.3059 -0.0384456 0.0387622 0.998509 -0.139603
0.00631747 0.999125 -0.0413419 39.4015 -0.99883 0.0043222 -0.0481751 -30.8829 -0.0479542 0.0415979 0.997983 -0.166609
0.00155721 0.998951 -0.0457585 39.4031 -0.998527 -0.000928583 -0.0542526 -31.4424 -0.0542382 0.0457756 0.997478 -0.203116
0.0632014 0.996832 -0.0482836 39.4206 -0.996197 0.0601061 -0.0630726 -31.951 -0.0599707 0.0520862 0.99684 -0.234651
0.0866064 0.995247 -0.0445341 39.4826 -0.995304 0.0844986 -0.0472177 -32.4749 -0.0432302 0.0484143 0.997891 -0.260727
0.085397 0.995683 -0.0363556 39.5234 -0.996263 0.0858062 0.00984468 -33.0186 0.0129217 0.0353791 0.99929 -0.251874
0.0844526 0.995938 -0.0312352 39.5784 -0.995707 0.0855419 0.0353584 -33.5733 0.0378866 0.028115 0.998886 -0.226886
0.00753806 0.999483 -0.0312588 39.5804 -0.999424 0.0085642 0.0328244 -34.1493 0.0330751 0.0309934 0.998972 -0.21283
0.00451988 0.999447 -0.0329343 39.564 -0.999551 0.00549135 0.0294668 -34.7143 0.0296314 0.0327863 0.999023 -0.195128
0.00551439 0.9994 -0.0341844 39.5719 -0.999434 0.0066423 0.0329698 -35.2637 0.0331771 0.0339832 0.998872 -0.184179
0.00481691 0.999322 -0.0365081 39.5634 -0.999635 0.00578285 0.0263989 -35.8227 0.0265921 0.0363676 0.998985 -0.172343
0.00714935 0.999059 -0.0427674 39.5562 -0.999434 0.00854462 0.0325312 -36.3896 0.032866 0.0425107 0.998555 -0.148642
-0.0128124 0.998992 -0.0430205 39.5571 -0.998986 -0.010932 0.0436631 -36.9241 0.0431488 0.0435363 0.99812 -0.12671
-0.065718 0.996883 -0.0436428 39.4893 -0.99706 -0.0638769 0.0423211 -37.4561 0.0394014 0.0462957 0.99815 -0.127495
-0.104882 0.993971 -0.0319672 39.4443 -0.994167 -0.103981 0.028647 -38.0036 0.0251503 0.0347852 0.999078 -0.118375
-0.128325 0.991364 -0.0270209 39.3591 -0.991608 -0.12783 0.0193184 -38.5385 0.0156975 0.0292732 0.999448 -0.100278
-0.127057 0.991553 -0.0260499 39.2821 -0.991425 -0.126144 0.0341297 -39.0965 0.0305553 0.0301629 0.999078 -0.0972665
-0.125755 0.991614 -0.0298031 39.2066 -0.991738 -0.124891 0.0292834 -39.6601 0.0253156 0.0332394 0.999127 -0.0892763
-0.125031 0.991885 -0.0230674 39.1352 -0.991672 -0.124213 0.034012 -40.2116 0.0308707 0.0271279 0.999155 -0.0717265
-0.12191 0.99234 -0.0199737 39.0769 -0.991811 -0.121024 0.0407959 -40.757 0.0380661 0.0247835 0.998968 -0.0525521
-0.0903199 0.995625 -0.0239468 39.0305 -0.994942 -0.0891444 0.0463001 -41.2939 0.0439628 0.0280075 0.998641 -0.0309953
-0.0850209 0.996133 -0.0221248 38.9735 -0.99539 -0.0839261 0.0464324 -41.849 0.044396 0.0259705 0.998676 -0.0122119
-0.0851929 0.996008 -0.026635 38.9287 -0.995513 -0.083985 0.0435837 -42.3968 0.0411727 0.0302285 0.998695 0.00805713
-0.0827112 0.996171 -0.0283342 38.8846 -0.996112 -0.0817742 0.0327722 -42.9554 0.0303297 0.0309347 0.999061 0.0191341
-0.0806502 0.996342 -0.0282476 38.8306 -0.996415 -0.0798651 0.0279014 -43.5247 0.0255433 0.0303966 0.999211 0.0301947
-0.0810262 0.996426 -0.023892 38.7955 -0.995825 -0.0799196 0.0441133 -44.0816 0.0420462 0.0273666 0.998741 0.0579642
-0.0787053 0.996618 -0.023621 38.7426 -0.996468 -0.0779539 0.0312063 -44.641 0.0292595 0.0259936 0.999234 0.0679481
-0.0753928 0.996849 -0.0246679 38.7096 -0.996996 -0.0749182 0.0196323 -45.2163 0.0177224 0.0260739 0.999503 0.071707
-0.0711576 0.997144 -0.0252992 38.6649 -0.997128 -0.0704517 0.0277778 -45.757 0.0259161 0.0272031 0.999294 0.084773
-0.0700097 0.997161 -0.0277291 38.6283 -0.997216 -0.069244 0.0276741 -46.321 0.0256754 0.0295893 0.999232 0.103978
-0.0700682 0.997043 -0.0315428 38.583 -0.997264 -0.0692671 0.0258125 -46.879 0.0235513 0.0332652 0.999169 0.114902
-0.212923 0.976618 -0.0296697 38.4771 -0.976939 -0.2123 0.0227774 -47.3224 0.0159459 0.0338353 0.9993 0.125328
-0.413884 0.909863 -0.029137 38.3082 -0.910321 -0.413528 0.0176046 -47.5174 0.00396884 0.0338103 0.99942 0.114402
-0.461212 0.886685 -0.0327608 38.0323 -0.88727 -0.461138 0.0102403 -48.0255 -0.00602727 0.0337906 0.999411 0.132795
-0.313111 0.949425 -0.0235461 37.9382 -0.949683 -0.312794 0.0161847 -48.4311 0.00800108 0.0274289 0.999592 0.123628
-0.314853 0.948696 -0.0290428 37.741 -0.949068 -0.314305 0.0219637 -48.9577 0.0117086 0.034479 0.999337 0.120034
-0.310059 0.950194 -0.0315344 37.5539 -0.950669 -0.309539 0.0203336 -49.4965 0.00955973 0.0362834 0.999296 0.109241
-0.310473 0.95007 -0.0312006 37.3926 -0.95054 -0.309983 0.0196003 -50.045 0.00895003 0.0357428 0.999321 0.0895558
-0.309902 0.950154 -0.034186 37.2216 -0.950768 -0.309731 0.0103256 -50.5723 -0.000777536 0.0357029 0.999362 0.115084
-0.308428 0.950517 -0.0372812 37.0374 -0.951248 -0.308179 0.0123997 -51.1079 0.000296872 0.039288 0.999228 0.105596
-0.295151 0.954523 -0.0421059 36.864 -0.955395 -0.294373 0.0237558 -51.6016 0.0102806 0.0472393 0.998831 0.116732
-0.152752 0.986718 -0.0552721 36.8246 -0.987999 -0.151175 0.0316782 -52.0094 0.0229016 0.0594477 0.997969 0.110738
-0.109238 0.991315 -0.0732284 36.7566 -0.992823 -0.105203 0.0568786 -52.5655 0.0486808 0.0789162 0.995692 0.144212
-0.0187939 0.997459 -0.0687261 36.7725 -0.997673 -0.0142037 0.066679 -53.1349 0.0655333 0.0698193 0.995405 0.163301
-0.0596693 0.996509 -0.0583822 36.7319 -0.995478 -0.0550733 0.0773935 -53.6662 0.073908 0.0627362 0.99529 0.232095
-0.0904793 0.994725 -0.0483371 36.6717 -0.993791 -0.087026 0.069319 -54.1838 0.0647468 0.0543089 0.996423 0.252984
-0.0882902 0.995648 -0.0298447 36.6372 -0.996033 -0.0879107 0.0138 -54.7582 0.0111163 0.0309447 0.999459 0.253445
-0.109617 0.993579 -0.0280039 36.5779 -0.993762 -0.108969 0.0237101 -55.3024 0.0205063 0.0304283 0.999327 0.25884
-0.120154 0.992301 -0.030028 36.4993 -0.992724 -0.119857 0.011522 -55.8474 0.00783426 0.0311939 0.999483 0.264724
-0.121001 0.99198 -0.0365333 36.4353 -0.992646 -0.120791 0.00790817 -56.4066 0.00343183 0.0372216 0.999301 0.260337
-0.120945 0.992044 -0.0349554 36.3554 -0.99257 -0.120387 0.0176667 -56.9426 0.013318 0.0368324 0.999233 0.263501
-0.119725 0.992373 -0.0293697 36.2827 -0.992771 -0.119417 0.0120438 -57.4998 0.00844466 0.0305993 0.999496 0.262295
-0.118182 0.992651 -0.0260022 36.2283 -0.992938 -0.117862 0.0135087 -58.0653 0.0103448 0.0274151 0.999571 0.271564
-0.117028 0.992852 -0.0234295 36.1741 -0.993042 -0.116675 0.0159286 -58.6395 0.0130811 0.0251306 0.999599 0.2782
-0.117413 0.992575 -0.0317758 36.0921 -0.993083 -0.117343 0.00407234 -59.1961 0.000313452 0.0320341 0.999487 0.271529
-0.131543 0.990943 -0.02698 36.0246 -0.991283 -0.131286 0.0110694 -59.7412 0.00742703 0.0282009 0.999575 0.276391
-0.132051 0.990836 -0.0284073 35.9452 -0.991236 -0.13189 0.00747498 -60.2975 0.00365985 0.0291454 0.999568 0.276448
-0.132353 0.990743 -0.0301766 35.8672 -0.991184 -0.132104 0.0101204 -60.8636 0.00604026 0.03125 0.999493 0.280751
-0.133121 0.990417 -0.0367949 35.7803 -0.991087 -0.132836 0.0100747 -61.4198 0.00509041 0.0378081 0.999272 0.273265
-0.132842 0.990165 -0.0438825 35.7052 -0.990943 -0.131811 0.0256327 -61.9642 0.0195964 0.0468902 0.998708 0.285503
-0.0279846 0.998483 -0.0474134 35.6944 -0.999506 -0.0272724 0.0156008 -62.5277 0.0142841 0.0478266 0.998754 0.280927
0.0254801 0.99814 -0.0553745 35.7055 -0.999514 0.0264333 0.0165501 -63.0627 0.0179831 0.0549259 0.998328 0.296697
0.173055 0.983353 -0.0553977 35.8343 -0.984524 0.174292 0.0182991 -63.5688 0.0276499 0.0513736 0.998297 0.313226
0.257086 0.96498 -0.052158 35.9799 -0.966034 0.258079 0.013171 -64.0523 0.0261706 0.0470004 0.998552 0.321486
0.260619 0.964054 -0.0517539 36.1194 -0.96536 0.260918 -0.000998157 -64.6031 0.0125413 0.0502213 0.998659 0.321341
0.260519 0.964214 -0.0492125 36.2633 -0.965319 0.261037 0.0042825 -65.1338 0.0169755 0.0463901 0.998779 0.331298
0.263182 0.963149 -0.0554848 36.4041 -0.964503 0.263972 0.00729833 -65.6654 0.0216758 0.0515945 0.998433 0.336832
0.264896 0.96234 -0.0610945 36.5549 -0.963923 0.265983 0.0102597 -66.2121 0.0261234 0.0561727 0.998079 0.349508
0.266341 0.961917 -0.061471 36.697 -0.96361 0.26723 0.00656852 -66.7695 0.0227452 0.0574846 0.998087 0.346436
0.268162 0.961403 -0.0615839 36.8515 -0.963042 0.269198 0.00903997 -67.3069 0.0252693 0.0568838 0.998061 0.363689
0.281983 0.957309 -0.0636003 37.0134 -0.959342 0.282183 -0.00599999 -67.8475 0.0122031 0.0627063 0.997957 0.39553
0.354051 0.932773 -0.0676877 37.2081 -0.935062 0.354416 -0.00694021 -68.3101 0.017516 0.0657494 0.997682 0.372664
0.354659 0.932658 -0.0660809 37.3927 -0.934851 0.354962 -0.00748445 -68.8271 0.0164758 0.0644302 0.997786 0.384776
0.357582 0.931587 -0.0654235 37.5938 -0.933647 0.358184 -0.00269587 -69.3559 0.0209222 0.0620465 0.997854 0.398799
0.360644 0.930979 -0.0567012 37.7978 -0.932482 0.361217 -0.000159101 -69.869 0.0203333 0.0529302 0.998391 0.401124
0.361971 0.930748 -0.0518184 38.004 -0.931931 0.362621 0.00340015 -70.4043 0.0219551 0.0470604 0.998651 0.401754
0.341831 0.938118 -0.055557 38.1835 -0.938495 0.343841 0.031619 -70.8901 0.0487652 0.0413317 0.997955 0.415804
0.2748 0.959992 -0.0538514 38.298 -0.959974 0.277088 0.0408931 -71.3839 0.0541787 0.0404586 0.997711 0.448961
0.274426 0.960454 -0.0470999 38.4595 -0.960176 0.27636 0.0410632 -71.9132 0.0524559 0.0339554 0.998046 0.486563
0.276338 0.960081 -0.0433812 38.6136 -0.959651 0.278096 0.0416377 -72.4629 0.0520396 0.0301247 0.998191 0.519645
0.278244 0.959826 -0.0362481 38.7675 -0.958726 0.279828 0.050401 -72.999 0.0585194 0.0207282 0.998071 0.52777
0.279695 0.95953 -0.0327466 38.9269 -0.958082 0.281152 0.0550707 -73.5303 0.0620488 0.015971 0.997945 0.562303
0.280995 0.95944 -0.0227511 39.08 -0.957965 0.281834 0.0535979 -74.0574 0.0578359 0.006734 0.998303 0.594641
0.285342 0.958338 -0.0129937 39.2501 -0.956323 0.285587 0.0623366 -74.5963 0.0634503 -0.00536103 0.997971 0.614437
0.349728 0.936814 -0.00836672 39.4353 -0.935401 0.349669 0.0525043 -75.064 0.0521123 -0.010536 0.998586 0.628347
0.352354 0.935864 0.00213191 39.6446 -0.935614 0.352205 0.024034 -75.603 0.0217417 -0.0104631 0.999709 0.633095
0.338659 0.940909 0.000269973 39.8239 -0.940707 0.338581 0.0208311 -76.1385 0.0195087 -0.0073086 0.999783 0.627911
0.308269 0.951299 0.000391245 39.9919 -0.951181 0.308224 0.0158664 -76.6558 0.0149731 -0.00526327 0.999874 0.635866
0.241585 0.970372 0.00385209 40.1085 -0.970366 0.241558 0.00633595 -77.1569 0.00521773 -0.00526861 0.999973 0.64539
0.219977 0.975502 0.00239362 40.21 -0.975489 0.219958 0.0063515 -77.6988 0.0056694 -0.00373213 0.999977 0.644982
0.21092 0.977503 0.000483801 40.3385 -0.97733 0.210874 0.0189288 -78.2409 0.018401 -0.00446531 0.999821 0.650777
0.202211 0.979342 0.000368612 40.4405 -0.979282 0.202195 0.0111053 -78.7878 0.0108014 -0.00260659 0.999938 0.65557
0.202938 0.979182 -0.00440949 40.5501 -0.979191 0.202933 -0.00170933 -79.341 -0.000778918 0.00466462 0.999989 0.647447
0.201968 0.979159 -0.021352 40.6492 -0.979222 0.202292 0.0142334 -79.8722 0.0182561 0.0180337 0.999671 0.658812
0.233178 0.971385 -0.0451568 40.7639 -0.97146 0.230615 -0.0555253 -80.422 -0.0435226 0.0568153 0.997436 0.621044
0.297415 0.952328 -0.0679373 40.9141 -0.954714 0.297252 -0.0127387 -80.8977 0.00806299 0.0686494 0.997608 0.654531
0.294167 0.953493 -0.0657029 41.0932 -0.954695 0.296382 0.0267601 -81.4161 0.0449887 0.0548542 0.99748 0.678799
0.296695 0.952621 -0.0669796 41.2457 -0.953759 0.299122 0.0294803 -81.9602 0.0481186 0.0551357 0.997319 0.67744
0.29765 0.952582 -0.0631872 41.411 -0.953845 0.299499 0.021927 -82.5079 0.0398117 0.0537442 0.997761 0.690448
0.300579 0.952125 -0.0557744 41.5888 -0.953182 0.301913 0.0170871 -83.0439 0.0331081 0.0480271 0.998297 0.712028
0.302147 0.951711 -0.0543474 41.7505 -0.952425 0.303778 0.0245941 -83.5805 0.039916 0.0443308 0.998219 0.717438
0.303841 0.951135 -0.0549815 41.9265 -0.951916 0.305452 0.0235617 -84.1006 0.0392046 0.0451787 0.998209 0.749677
0.297389 0.953345 -0.0518962 42.0838 -0.954079 0.298785 0.0214434 -84.6419 0.0359488 0.0431361 0.998422 0.755456
0.197802 0.979549 -0.0368663 42.1677 -0.980154 0.198149 0.00598814 -85.1951 0.0131707 0.0349501 0.999302 0.76591
0.192183 0.980789 -0.033456 42.2797 -0.980721 0.193176 0.0294814 -85.7348 0.0353779 0.0271452 0.999005 0.784822
0.194297 0.980336 -0.0344852 42.3854 -0.980347 0.195284 0.0279985 -86.2893 0.0341824 0.0283675 0.999013 0.795075
0.192977 0.980633 -0.0334544 42.4947 -0.980644 0.193906 0.0271665 -86.8346 0.0331273 0.0275643 0.999071 0.813161
0.19474 0.980338 -0.0318424 42.6012 -0.980508 0.195432 0.0202529 -87.3923 0.0260777 0.0272777 0.999288 0.823177
0.197469 0.979714 -0.0341524 42.707 -0.97995 0.19822 0.0201584 -87.9393 0.0265191 0.029487 0.999213 0.835367
0.198172 0.979614 -0.0329345 42.8203 -0.979534 0.19914 0.0292604 -88.4822 0.0352225 0.0264619 0.999029 0.852436
0.198835 0.979544 -0.0309408 42.9295 -0.979495 0.199672 0.0268272 -89.0311 0.0324564 0.0249722 0.999161 0.861312
0.212754 0.976557 -0.032744 43.0491 -0.976469 0.213705 0.0289389 -89.5751 0.0352581 0.0258167 0.999045 0.880299
0.2745 0.961008 -0.0333642 43.2117 -0.960929 0.275431 0.0274584 -90.0454 0.0355773 0.0245233 0.999066 0.875669
0.270746 0.962256 -0.0275569 43.336 -0.962432 0.271184 0.0135587 -90.5669 0.0205199 0.0228507 0.999528 0.904249
0.234327 0.971739 -0.0285219 43.4713 -0.971793 0.234942 0.0205078 -91.1059 0.0266292 0.0229119 0.999383 0.920866
0.226753 0.973643 -0.0245279 43.5884 -0.973681 0.227212 0.0178643 -91.6655 0.0229665 0.0198316 0.99954 0.922504
0.225932 0.973824 -0.0249379 43.7188 -0.973694 0.226531 0.0245817 -92.2155 0.0295875 0.0187281 0.999387 0.936451
0.233658 0.971937 -0.0272619 43.848 -0.972029 0.234181 0.0178691 -92.7689 0.0237518 0.0223241 0.999469 0.942697
0.255381 0.966492 -0.0259413 43.9901 -0.966591 0.255833 0.0158424 -93.2976 0.0219482 0.0210288 0.999538 0.947745
0.295257 0.954898 -0.0315068 44.1603 -0.955029 0.295917 0.0187943 -93.8046 0.02727 0.0245407 0.999327 0.960592
0.296238 0.954178 -0.0422794 44.3098 -0.954303 0.29752 0.0280555 -94.3437 0.0393489 0.0320362 0.998712 0.982401
0.299239 0.953273 -0.0415593 44.4885 -0.953643 0.300246 0.0204116 -94.8887 0.0319358 0.0335248 0.998928 0.990193
0.302275 0.95241 -0.0393003 44.6534 -0.952842 0.30306 0.015727 -95.4256 0.026889 0.0326931 0.999104 0.998235
0.30275 0.951947 -0.0462581 44.8139 -0.952461 0.303935 0.0210234 -95.961 0.0340726 0.0376942 0.998708 1.02224
0.209345 0.977024 -0.0399746 44.9122 -0.977822 0.209426 -0.00219306 -96.4489 0.00622906 0.0395472 0.999198 1.00255
0.20835 0.977013 -0.0451096 45.0258 -0.977499 0.209564 0.024044 -96.979 0.0329446 0.039085 0.998693 1.04071
0.209419 0.976839 -0.0439213 45.1423 -0.977144 0.210739 0.0279064 -97.5238 0.036516 0.0370733 0.998645 1.04491
0.210974 0.976745 -0.0381942 45.2668 -0.976984 0.211963 0.0239669 -98.0661 0.0315054 0.0322587 0.998983 1.06619
0.213457 0.976231 -0.0375419 45.3841 -0.976756 0.214027 0.0118515 -98.6254 0.0196048 0.0341395 0.999225 1.06416
0.212225 0.976193 -0.0448073 45.4916 -0.976761 0.213308 0.0209008 -99.166 0.029961 0.0393304 0.998777 1.08244
0.212985 0.975944 -0.0465901 45.6067 -0.976748 0.213871 0.0148873 -99.721 0.0244934 0.0423361 0.998803 1.10305
0.216807 0.974952 -0.0496255 45.7229 -0.975903 0.217742 0.0142192 -100.263 0.0246686 0.0453468 0.998667 1.09496
0.216545 0.975323 -0.0430591 45.8499 -0.975999 0.217318 0.0141036 -100.829 0.0231131 0.0389716 0.998973 1.0948
0.218917 0.974669 -0.0457785 45.9718 -0.975352 0.219917 0.0180254 -101.364 0.0276362 0.0407041 0.998789 1.12125
0.219094 0.974951 -0.0383284 46.0898 -0.9757 0.219033 -0.00585288 -101.916 0.0026889 0.0386793 0.999248 1.11292
0.219928 0.974806 -0.0372064 46.2189 -0.975293 0.220533 0.0129678 -102.476 0.0208463 0.0334352 0.999223 1.12506
0.22087 0.974779 -0.031968 46.3398 -0.975036 0.221457 0.016142 -103.022 0.0228144 0.0276047 0.999359 1.12685
0.224509 0.973881 -0.0339401 46.4651 -0.974097 0.225253 0.0199031 -103.57 0.0270283 0.0285925 0.999226 1.1419
0.226195 0.973536 -0.032624 46.6013 -0.973766 0.226848 0.0178805 -104.118 0.024808 0.0277236 0.999308 1.14784
0.227526 0.973278 -0.0310007 46.7313 -0.973443 0.228161 0.0187472 -104.655 0.0253194 0.025912 0.999344 1.14882
0.227726 0.973196 -0.0320983 46.841 -0.9729 0.228766 0.033643 -105.194 0.0400842 0.023567 0.998918 1.18246
0.230245 0.972531 -0.034209 46.9749 -0.972191 0.231427 0.0358774 -105.744 0.0428088 0.024997 0.998771 1.19516
0.188114 0.9817 -0.0296434 47.047 -0.981715 0.188841 0.0239591 -106.283 0.0291185 0.0245943 0.999273 1.20167
0.186575 0.981895 -0.0327481 47.1594 -0.981928 0.187451 0.0260742 -106.834 0.0317407 0.0272915 0.999123 1.22094
0.18701 0.981709 -0.0356989 47.2546 -0.981961 0.187844 0.0216226 -107.378 0.027933 0.0310113 0.999129 1.23342
0.1892 0.981361 -0.0336844 47.3706 -0.981509 0.190021 0.0230833 -107.919 0.0290538 0.0286942 0.999166 1.25827
0.18981 0.981393 -0.0289781 47.4691 -0.981509 0.190411 0.0196087 -108.494 0.0247616 0.0247203 0.999388 1.26439
0.192327 0.980885 -0.0295919 47.5749 -0.980805 0.193123 0.0269128 -109.037 0.0321132 0.0238478 0.9992 1.26709
0.194745 0.980344 -0.0316149 47.675 -0.980276 0.195635 0.0280409 -109.574 0.0336747 0.0255305 0.999107 1.27631
0.213862 0.976408 -0.0298556 47.8046 -0.976395 0.214606 0.0244324 -110.109 0.0302631 0.0239257 0.999256 1.28112
0.134006 0.990644 -0.0258253 47.8617 -0.990594 0.134636 0.0244348 -110.686 0.0276832 0.022308 0.999368 1.29955
0.131558 0.991006 -0.0244952 47.9339 -0.990908 0.132167 0.025151 -111.229 0.0281622 0.0209637 0.999384 1.3155
0.169245 0.985277 -0.0242041 48.0244 -0.985107 0.169869 0.0266224 -111.755 0.0303419 0.0193379 0.999352 1.31304
0.259214 0.965672 -0.0169234 48.139 -0.965422 0.25957 0.0241637 -112.265 0.0277271 0.0100747 0.999565 1.32501
0.385103 0.922758 -0.0145929 48.3916 -0.922364 0.385367 0.0271286 -112.754 0.0306568 0.00301267 0.999525 1.34474
0.427203 0.904045 -0.0141413 48.6443 -0.903641 0.427435 0.0270492 -113.237 0.0304982 0.00122311 0.999534 1.35758
0.468595 0.883274 -0.0156955 48.8855 -0.882865 0.468856 0.0268902 -113.714 0.0311104 0.00125636 0.999515 1.36707
0.557146 0.830329 -0.0119445 49.1874 -0.829901 0.55725 0.0271398 -114.123 0.029191 -0.00520812 0.99956 1.37616
0.696239 0.717564 -0.0188218 49.5776 -0.716599 0.696347 0.0398358 -114.47 0.0416912 -0.0142475 0.999029 1.3985
0.824125 0.56578 -0.0266493 49.8832 -0.564792 0.824416 0.0367251 -114.623 0.0427484 -0.0152147 0.99897 1.4072
0.906378 0.421654 -0.0262006 50.1426 -0.420747 0.906541 0.0339931 -114.686 0.0380852 -0.0197868 0.999079 1.40206
0.960959 0.274658 -0.0334694 50.4914 -0.273877 0.96141 0.0261334 -114.736 0.0393555 -0.0159467 0.999098 1.42216
0.97277 0.229932 -0.0291632 51.0145 -0.229115 0.972973 0.0288191 -114.849 0.0350014 -0.0213526 0.999159 1.42667
0.981429 0.18778 -0.0391846 51.5429 -0.186673 0.981957 0.0302362 -114.945 0.0441553 -0.02236 0.998774 1.45905
0.993465 0.109355 -0.0326968 52.0504 -0.10832 0.993604 0.0319177 -114.994 0.035978 -0.0281674 0.998956 1.45814
0.996313 0.0732684 -0.0446367 52.5578 -0.0719171 0.996924 0.0311648 -115.017 0.0467827 -0.0278398 0.998517 1.48867
0.996606 0.072156 -0.0396233 53.1147 -0.0709384 0.996989 0.0313216 -115.05 0.0417641 -0.0284045 0.998724 1.50036
0.99682 0.0722596 -0.0335999 53.6843 -0.0712185 0.996972 0.0312138 -115.095 0.0357537 -0.0287216 0.998948 1.50902
0.997125 0.069299 -0.0306568 54.2307 -0.0684193 0.997239 0.0288716 -115.142 0.0325729 -0.0266911 0.999113 1.53528
0.997149 0.0663044 -0.0360291 54.8105 -0.0652763 0.997446 0.0290001 -115.173 0.0378599 -0.0265656 0.99893 1.53869
0.99723 0.0670787 -0.0321289 55.3633 -0.0662296 0.997444 0.0268019 -115.22 0.0338447 -0.0245998 0.999124 1.55659
0.997567 0.0636366 -0.0284782 55.918 -0.0626171 0.997411 0.0353659 -115.251 0.030655 -0.0334966 0.998969 1.56755
0.997076 0.0610219 -0.0460015 56.4711 -0.0592852 0.997509 0.0382159 -115.279 0.0482189 -0.0353769 0.99821 1.60561
0.997343 0.0525497 -0.0504497 57.0117 -0.0515091 0.998437 0.0217106 -115.324 0.0515117 -0.0190543 0.998491 1.62245
0.997974 -0.0612439 -0.0172399 57.5286 0.0615076 0.997991 0.0152082 -115.278 0.0162738 -0.0162378 0.999736 1.59986
0.994555 -0.102168 -0.0205278 58.0367 0.102252 0.994754 0.00311861 -115.232 0.0201015 -0.00520064 0.999784 1.63489
0.994077 -0.108146 -0.0107599 58.6173 0.108114 0.994132 -0.00344691 -115.169 0.0110696 0.0022632 0.999936 1.59939
0.993007 -0.109997 -0.0428804 59.1569 0.110547 0.993814 0.0106777 -115.102 0.0414406 -0.0153433 0.999023 1.63369
0.992663 -0.113975 -0.0403657 59.7268 0.11481 0.993206 0.0190015 -115.031 0.0379258 -0.0234965 0.999004 1.64566
0.991314 -0.129146 -0.0248507 60.2759 0.129667 0.991344 0.0206006 -114.948 0.0219751 -0.0236439 0.999479 1.6596
0.988044 -0.152885 -0.0198567 60.8245 0.153275 0.987983 0.0198866 -114.86 0.0165778 -0.0226924 0.999605 1.66538
0.987662 -0.155681 -0.0169568 61.3802 0.156001 0.987564 0.0195315 -114.779 0.0137053 -0.0219358 0.999665 1.66741
0.987039 -0.157995 -0.0281243 61.9246 0.158472 0.98724 0.0155979 -114.696 0.025301 -0.0198527 0.999483 1.67231
0.986714 -0.160901 -0.0225227 62.4874 0.16131 0.986745 0.0177131 -114.605 0.0193741 -0.0211109 0.999589 1.6798
0.989334 -0.143437 -0.0253615 63.0256 0.14386 0.989473 0.0157019 -114.525 0.0228423 -0.019183 0.999555 1.68202
0.995413 -0.0902358 -0.0317914 63.5541 0.0907788 0.995741 0.0160679 -114.489 0.0302061 -0.0188802 0.999365 1.69107
0.998371 -0.0512548 -0.0250684 64.0878 0.0516924 0.998516 0.0171294 -114.474 0.0241532 -0.0183973 0.999539 1.70873
0.999318 -0.0188167 -0.0317601 64.6301 0.0193029 0.9997 0.0150723 -114.463 0.031467 -0.0156751 0.999382 1.72124
0.999514 -0.0165524 -0.0264257 65.1967 0.0170323 0.999692 0.0180404 -114.462 0.0261189 -0.0184817 0.999488 1.72128
0.999534 -0.0160642 -0.0259396 65.7556 0.0164954 0.999728 0.0164962 -114.456 0.0256675 -0.0169164 0.999527 1.73026
0.999479 0.014197 -0.028978 66.3022 -0.0137168 0.999766 0.0167039 -114.463 0.0292083 -0.0162977 0.99944 1.74246
0.997021 0.0721161 -0.0273442 66.8227 -0.0716136 0.997253 0.0189326 -114.514 0.0286344 -0.016918 0.999447 1.75348
0.991499 0.127957 -0.0236013 67.3508 -0.127418 0.991581 0.0230563 -114.595 0.0263529 -0.019853 0.999456 1.75348
0.980063 0.196695 -0.028069 67.8599 -0.196125 0.980336 0.0218097 -114.695 0.0318069 -0.0158699 0.999368 1.77756
0.969209 0.245418 -0.0201158 68.346 -0.244982 0.969281 0.0218645 -114.845 0.0248638 -0.0162633 0.999559 1.78422
0.969132 0.245184 -0.0258331 68.8937 -0.244522 0.969287 0.0263011 -114.977 0.0314883 -0.0191724 0.99932 1.79285
0.973082 0.229554 -0.0204187 69.4357 -0.228979 0.973055 0.0270782 -115.105 0.0260844 -0.0216738 0.999425 1.80096
0.988854 0.145028 -0.0336922 70.0103 -0.144233 0.989229 0.0249367 -115.187 0.0369458 -0.0197992 0.999121 1.82235
0.999069 -0.021106 -0.0376286 70.369 0.0220367 0.999457 0.0244934 -115.14 0.0370912 -0.0252998 0.998992 1.82452
0.997002 -0.0748214 -0.0197305 70.9022 0.0753139 0.996833 0.0255246 -115.072 0.0177582 -0.026934 0.999479 1.83021
0.981411 -0.188167 -0.0377701 71.4652 0.189049 0.981737 0.0212883 -114.954 0.0330745 -0.0280329 0.99906 1.83715
0.981164 -0.190286 -0.0332973 72.0352 0.19111 0.981286 0.0235557 -114.856 0.0281919 -0.0294755 0.999168 1.83017
0.982053 -0.187154 -0.023345 72.5877 0.187701 0.981934 0.0239527 -114.748 0.0184404 -0.0279047 0.99944 1.83753
0.98913 -0.145248 -0.0229144 73.1031 0.145651 0.98919 0.0170034 -114.679 0.020197 -0.0201561 0.999593 1.86348
